<?xml version="1.0"?>
<opencv_storage>
<!-- wololo! -->
<wtf type_id="opencv-matrix">
  <rows>4</rows>
  <cols>5</cols>
  <dt>u</dt>
  <data>
    205 205 205 205 205 205 205 205 205 205 205 205 48 205 205 205 63
    205 205 205</data></wtf>
</opencv_storage>
